[-2.06191963197296,-1.66061155339186,2.02950345157245,-0.285242434319878,1.42687991120623,-3.11705656835498,1.08353266811414,-2.05911103482917,2.02950345157245,-0.285242434319878,1.42687991120623,-3.11705656835498]
[-2.06085131974127,-1.64382700586398,2.06651876892866,-0.335506592057874,1.43965247494024,-3.11790098216379,1.07922265816213,-2.10025336868455,2.06651876892866,-0.335506592057874,1.43965247494024,-3.11790098216379]
[-2.0602886575374,-1.63502963367746,2.08606126056709,-0.3619828794952,1.44638410053402,-3.11834249171312,1.07695073339073,-2.12192289536638,2.08606126056709,-0.3619828794952,1.44638410053402,-3.11834249171312]
[-2.06013154645017,-1.63258677655646,2.09153308172654,-0.369376756042954,1.44826520153897,-3.11846474552998,1.07631573866599,-2.12797380979991,2.09153308172654,-0.369376756042954,1.44826520153897,-3.11846474552998]
[-2.06027988756837,-1.63486577422513,2.08633638764575,-0.362393681112231,1.44648619150647,-3.11835139214138,1.07691651885398,-2.12226030691041,2.08633638764575,-0.362393681112231,1.44648619150647,-3.11835139214138]
[-2.06063358198082,-1.64023396640764,2.07387333356351,-0.345739114114127,1.44223748398791,-3.11808608007432,1.07835191882077,-2.10863658162314,2.07387333356351,-0.345739114114127,1.44223748398791,-3.11808608007432]
[-2.06109253077634,-1.64705869282815,2.05754607471859,-0.324118514459742,1.43670949253467,-3.11775245785582,1.08022078343242,-2.09095682886335,2.05754607471859,-0.324118514459742,1.43670949253467,-3.11775245785582]
[-2.06155664587072,-1.65370747038145,2.04075639835177,-0.302236832003144,1.43109250189858,-3.11743416488002,1.08212200096477,-2.07307482708955,2.04075639835177,-0.302236832003144,1.43109250189858,-3.11743416488002]
[-2.06195243430814,-1.65898301348206,2.02600215063799,-0.283547353461298,1.42626041678919,-3.11719240676756,1.08376109040012,-2.05782135622969,2.02600215063799,-0.283547353461298,1.42626041678919,-3.11719240676756]
[-2.06229020938845,-1.6630594258484,2.01293268930071,-0.267559139399697,1.42209016884924,-3.11701769609612,1.08517958414837,-2.0448035352781,2.01293268930071,-0.267559139399697,1.42209016884924,-3.11701769609612]
[-2.06259675089808,-1.66638026558913,2.00063769311838,-0.253006277843548,1.41826280167638,-3.11688665547738,1.0864850354736,-2.03299508934986,2.00063769311838,-0.253006277843548,1.41826280167638,-3.11688665547738]
[-2.06289882883324,-1.66938893044496,1.98820717340137,-0.238623317523158,1.41445947534548,-3.11677591582476,1.08778495838323,-2.02137012007792,1.98820717340137,-0.238623317523158,1.41445947534548,-3.11677591582476]
[-2.06321529257263,-1.67239907454292,1.97500017207011,-0.223517534657834,1.41045558433769,-3.11666882449528,1.08915510681112,-2.00920734599737,1.97500017207011,-0.223517534657834,1.41045558433769,-3.11666882449528]
[-2.06354278918165,-1.67536066719002,1.96112985177785,-0.207840999317776,1.40629067195888,-3.11656755573457,1.09058220790733,-1.99663935844751,1.96112985177785,-0.207840999317776,1.40629067195888,-3.11656755573457]
[-2.06387410476911,-1.67816043332419,1.94684051590006,-0.191927470014083,1.40205021668971,-3.11647755776241,1.09203750716731,-1.98394723625956,1.94684051590006,-0.191927470014083,1.40205021668971,-3.11647755776241]
[-2.06420203166415,-1.68068519927894,1.9323762559659,-0.176110412483997,1.3978196230318,-3.11640427360897,1.0934922750202,-1.97141181875257,1.9323762559659,-0.176110412483997,1.3978196230318,-3.11640427360897]
[-2.06452170773717,-1.68286002544228,1.91790128089615,-0.160612893848928,1.39365639961579,-3.11635118942578,1.09492718384633,-1.95922363043992,1.91790128089615,-0.160612893848928,1.39365639961579,-3.11635118942578]
[-2.06483413077549,-1.6847054931741,1.90338022714956,-0.145382169961665,1.38954836220959,-3.11631690245169,1.09634639512564,-1.94734756038701,1.90338022714956,-0.145382169961665,1.38954836220959,-3.11631690245169]
[-2.06514119866414,-1.68625685609131,1.88874707636218,-0.130323131383436,1.38547262158543,-3.11629925897652,1.09775767832176,-1.9357138394976,1.88874707636218,-0.130323131383436,1.38547262158543,-3.11629925897652]
[-2.06544480603686,-1.68754931368915,1.87393591968955,-0.115340821638396,1.38140632723182,-3.11629610814045,1.09916878985031,-1.92425282311507,1.87393591968955,-0.115340821638396,1.38140632723182,-3.11629610814045]
[-2.06574615825432,-1.68860659166666,1.85890406641801,-0.100372712390975,1.37733483649022,-3.11630590336627,1.10058471995037,-1.91292124777974,1.85890406641801,-0.100372712390975,1.37733483649022,-3.11630590336627]
[-2.06604492281798,-1.68942681616825,1.84366062855024,-0.0854286267695219,1.3732618195061,-3.11632844631097,1.10200428715575,-1.90173470996675,1.84366062855024,-0.0854286267695219,1.3732618195061,-3.11632844631097]
[-2.06634055914685,-1.69000464955076,1.82822172733598,-0.0705281775296411,1.36919342426734,-3.11636372105648,1.10342547492815,-1.89071677028615,1.82822172733598,-0.0705281775296411,1.36919342426734,-3.11636372105648]
[-2.06663252817209,-1.69033477717359,1.81260343072133,-0.0556909061152293,1.36513578083564,-3.11641171055832,1.10484627277241,-1.87989092997193,1.81260343072133,-0.0556909061152293,1.36513578083564,-3.11641171055832]
[-2.06692049333232,-1.69041496492457,1.7968146681611,-0.040926803814207,1.36109261858006,-3.1164722469217,1.10626547950423,-1.86927273853627,1.7968146681611,-0.040926803814207,1.36109261858006,-3.1164722469217]
[-2.06720452233902,-1.69024912846014,1.78085011828583,-0.0262267965980989,1.35706287428134,-3.11654486110396,1.10768350959539,-1.85886187118603,1.78085011828583,-0.0262267965980989,1.35706287428134,-3.11654486110396]
[-2.06748473092105,-1.68984191387353,1.764702767089,-0.0115795459616468,1.35304491548211,-3.11662904829373,1.10910096941668,-1.84865611766262,1.764702767089,-0.0115795459616468,1.35304491548211,-3.11662904829373]
[-2.06776123417345,-1.6891979538389,1.74836561848602,0.00302625731442152,1.34903711735247,-3.11672430441579,1.11051846277039,-1.83865329007532,1.74836561848602,0.00302625731442152,1.34903711735247,-3.11672430441579]
[-2.06803408917571,-1.68832065273621,1.73183331684845,0.0175992417998714,1.34503855323151,-3.11683019278034,1.11193635835346,-1.82885324794599,1.73183331684845,0.0175992417998714,1.34503855323151,-3.11683019278034]
[-2.06830324919615,-1.68721121707504,1.71510344192772,0.0321432393958299,1.34104954573963,-3.11694639727487,1.11335460417284,-1.81925951437118,1.71510344192772,0.0321432393958299,1.34104954573963,-3.11694639727487]
[-2.06856865672633,-1.68587062520178,1.69817387820009,0.0466615840562987,1.33707054718643,-3.11707261430409,1.11477310456322,-1.80987599276689,1.69817387820009,0.0466615840562987,1.33707054718643,-3.11707261430409]
[-2.06883025452833,-1.68429985467359,1.68104249430798,0.0611576238655696,1.33310200682924,-3.11720854030031,1.11619176489437,-1.80070657342182,1.68104249430798,0.0611576238655696,1.33310200682924,-3.11720854030031]
[-2.06908800327011,-1.68249983081046,1.66370611086208,0.0756356421841256,1.32914417190006,-3.11735387352079,1.1176105590473,-1.79175427773587,1.66370611086208,0.0756356421841256,1.32914417190006,-3.11735387352079]
[-2.06934189238185,-1.68047139502358,1.64615986501655,0.0901014247093368,1.32519696511693,-3.11750831515424,1.11902957095288,-1.78302073141022,1.64615986501655,0.0901014247093368,1.32519696511693,-3.11750831515424]
[-2.06959191388962,-1.67821538115118,1.62839874198897,0.104560892728642,1.3212602799096,-3.11767156665393,1.12044889447425,-1.77450743418041,1.62839874198897,0.104560892728642,1.3212602799096,-3.11767156665393]
[-2.06983805972142,-1.67573261331511,1.61041771788121,0.119019967158085,1.31733401087488,-3.11784332985158,1.12186862307705,-1.76621588535655,1.61041771788121,0.119019967158085,1.31733401087488,-3.11784332985158]
[-2.07008031691151,-1.67302343064559,1.59221131378673,0.133484550375304,1.313418110863,-3.11802332546889,1.12328883038512,-1.75814756301458,1.59221131378673,0.133484550375304,1.313418110863,-3.11802332546889]
[-2.07031866542853,-1.6700874720419,1.57377339385773,0.147960517992195,1.30951261683051,-3.11821130150093,1.12470956137466,-1.75030391457252,1.57377339385773,0.147960517992195,1.30951261683051,-3.11821130150093]
[-2.07055308469026,-1.66692432181041,1.55509777102855,0.162453743533887,1.3056175722912,-3.11840700806909,1.12613085878838,-1.74268638505817,1.55509777102855,0.162453743533887,1.3056175722912,-3.11840700806909]
[-2.0707835542491,-1.66353355009344,1.53617823194384,0.176970112428775,1.30173302030567,-3.11861019559933,1.12755276558819,-1.73529641353275,1.53617823194384,0.176970112428775,1.30173302030567,-3.11861019559933]
[-2.0710100588908,-1.6599141764054,1.51700754123564,0.19151597284481,1.29785898631592,-3.11882062635757,1.12897533325633,-1.72813520710635,1.51700754123564,0.19151597284481,1.29785898631592,-3.11882062635757]
[-2.07123259019944,-1.65606450497551,1.49757713590545,0.206098274064987,1.29399547287678,-3.11903807799022,1.13039862434333,-1.72120367157633,1.49757713590545,0.206098274064987,1.29399547287678,-3.11903807799022]
[-2.07145114021342,-1.65198279222933,1.47787836422699,0.220724005545831,1.29014248101349,-3.11926232917161,1.13182270213941,-1.71450269260281,1.47787836422699,0.220724005545831,1.29014248101349,-3.11926232917161]
[-2.07166570059218,-1.6476672742528,1.45790254036671,0.235400170374982,1.28630001201424,-3.11949315901484,1.13324762958181,-1.70803315090406,1.45790254036671,0.235400170374982,1.28630001201424,-3.11949315901484]
[-2.07187625122593,-1.64311555551976,1.43763991934576,0.250134194931676,1.28246807533242,-3.11973036025907,1.13467345864643,-1.70179577373681,1.43763991934576,0.250134194931676,1.28246807533242,-3.11973036025907]
[-2.07208275823938,-1.63832450175383,1.41707951738103,0.264934000688201,1.27864668997167,-3.11997374158082,1.13610022848846,-1.69579110886516,1.41707951738103,0.264934000688201,1.27864668997167,-3.11997374158082]
[-2.07228518697586,-1.63329093674636,1.39621028037353,0.27980753721885,1.2748358754777,-3.12022311256122,1.13752797753541,-1.690019693865,1.39621028037353,0.27980753721885,1.2748358754777,-3.12022311256122]
[-2.07248350471075,-1.62801162141425,1.37502102984258,0.294762815632537,1.27103565078403,-3.12047828302124,1.13895674579442,-1.6844820659479,1.37502102984258,0.294762815632537,1.27103565078403,-3.12047828302124]
[-2.0726777276252,-1.62248172512772,1.35349743882336,0.309809404668906,1.26724601932691,-3.1207390688523,1.1403866132583,-1.67917875310296,1.35349743882336,0.309809404668906,1.26724601932691,-3.1207390688523]
[-2.07286792342582,-1.61669474045864,1.33162186321747,0.324958514133293,1.26346696821525,-3.12100529234146,1.14181770204745,-1.67411027360282,1.33162186321747,0.324958514133293,1.26346696821525,-3.12100529234146]
[-2.07305416227561,-1.6106440800395,1.30937650078607,0.340221432066892,1.25969848377958,-3.12127677608069,1.14325013629059,-1.66927714525688,1.30937650078607,0.340221432066892,1.25969848377958,-3.12127677608069]
[-2.07323650537564,-1.60432316620695,1.28674358689161,0.355609417456717,1.25594055498658,-3.12155334403086,1.14468403283833,-1.66467986761161,1.28674358689161,0.355609417456717,1.25594055498658,-3.12155334403086]
[-2.07341482594239,-1.59772562485036,1.26370614561616,0.371133119852831,1.25219322609922,-3.12183484886696,1.14611935587526,-1.66031855713238,1.26370614561616,0.371133119852831,1.25219322609922,-3.12183484886696]
[-2.07358881876522,-1.59084527506286,1.24024794966136,0.386802610353312,1.24845659386533,-3.12212117051817,1.14755592468188,-1.65619296668,1.24024794966136,0.386802610353312,1.24845659386533,-3.12212117051817]
[-2.0737581715847,-1.58367594357013,1.21635280130326,0.402627937204334,1.24473075710617,-3.1224121899904,1.1489935528142,-1.65230283475102,1.21635280130326,0.402627937204334,1.24473075710617,-3.1224121899904]
[-2.07392261412972,-1.57621085975734,1.19200323549423,0.418619822939037,1.24101580238554,-3.12270778462351,1.15043208791276,-1.64864798112685,1.19200323549423,0.418619822939037,1.24101580238554,-3.12270778462351]
[-2.07408261586739,-1.56843272923701,1.1671594598436,0.434800869483712,1.23731160031872,-3.12300776717073,1.15187197810978,-1.64522965764278,1.1671594598436,0.434800869483712,1.23731160031872,-3.12300776717073]
[-2.07423927872166,-1.56031526007137,1.14176259266665,0.451203835334946,1.23361783689069,-3.12331189516535,1.15331418494215,-1.64205034050262,1.14176259266665,0.451203835334946,1.23361783689069,-3.12331189516535]
[-2.07439372498324,-1.55183187057769,1.11575313755276,0.467861806057821,1.22993419214083,-3.12361992436246,1.15475968647973,-1.63911254533814,1.11575313755276,0.467861806057821,1.22993419214083,-3.12361992436246]
[-2.07454688446657,-1.54295758377088,1.08907511228683,0.484805936686753,1.22626040228509,-3.12393163021728,1.15620930458772,-1.63641843667151,1.08907511228683,0.484805936686753,1.22626040228509,-3.12393163021728]
[-2.07469680697045,-1.53369143369734,1.06172511743107,0.502038495797335,1.22259704410725,-3.12424708295756,1.1576615238463,-1.6339649253855,1.06172511743107,0.502038495797335,1.22259704410725,-3.12424708295756]
[-2.07483932525194,-1.52405093814308,1.0337402318738,0.519539515111957,1.21894534146188,-3.12456657972753,1.15911302958904,-1.63174487810089,1.0337402318738,0.519539515111957,1.21894534146188,-3.12456657972753]
[-2.07497021503809,-1.51405409036007,1.00515857574644,0.537288454343917,1.21530653484848,-3.12489042350849,1.16056046086666,-1.62975105740595,1.00515857574644,0.537288454343917,1.21530653484848,-3.12489042350849]
[-2.07508612414209,-1.503709019165,0.97599702084936,0.555276250929422,1.21168161025367,-3.12521883107158,1.16200116454277,-1.62797788067939,0.97599702084936,0.555276250929422,1.21168161025367,-3.12521883107158]
[-2.07519488611665,-1.49289732802409,0.945999899048979,0.573641060353508,1.2080682891762,-3.12555091342034,1.16344156618411,-1.62644099033003,0.945999899048979,0.573641060353508,1.2080682891762,-3.12555091342034]
[-2.07531208194373,-1.48141298684142,0.914722776520581,0.592623003770381,1.20446203207624,-3.12588501568533,1.16489437941817,-1.62517072957558,0.914722776520581,0.592623003770381,1.20446203207624,-3.12588501568533]
[-2.07545344781787,-1.46904820986353,0.881717437693024,0.612464245122331,1.20085825411614,-3.12621946765353,1.16637244384792,-1.62419773615089,0.881717437693024,0.612464245122331,1.20085825411614,-3.12621946765353]
[-2.07563081641849,-1.45563246101333,0.84661648865935,0.633362954730831,1.19725350967406,-3.12655298816798,1.16788543098076,-1.62354537217629,0.84661648865935,0.633362954730831,1.19725350967406,-3.12655298816798]
[-2.07581276950912,-1.44140793032459,0.809948038893715,0.655029853956873,1.19365697563002,-3.12688860680959,1.1694079098507,-1.62315638602264,0.809948038893715,0.655029853956873,1.19365697563002,-3.12688860680959]
[-2.07594096310028,-1.42687374947214,0.772797691332006,0.676872203991308,1.19008568697203,-3.12723203679871,1.17089259653192,-1.62292334016621,0.772797691332006,0.676872203991308,1.19008568697203,-3.12723203679871]
[-2.07595664640429,-1.41253293204292,0.736259471603386,0.698292681304074,1.18655679740955,-3.1275890319005,1.17229187694089,-1.6227380388674,0.736259471603386,0.698292681304074,1.18655679740955,-3.1275890319005]
[-2.0758183621687,-1.39869947554403,0.701019507961474,0.71891470974898,1.18308241364127,-3.12796362554594,1.17357217262435,-1.62252475951352,0.701019507961474,0.71891470974898,1.18308241364127,-3.12796362554594]
[-2.07565123982097,-1.38386660684641,0.663834699122749,0.740488147898397,1.17962602507862,-3.12834327938017,1.17483510877662,-1.62252058947082,0.663834699122749,0.740488147898397,1.17962602507862,-3.12834327938017]
[-2.07567350683945,-1.36551000329375,0.619266068288852,0.765951226214968,1.17612395104551,-3.12870619379789,1.176257870031,-1.62313743199937,0.619266068288852,0.765951226214968,1.17612395104551,-3.12870619379789]
[-2.07610440779486,-1.34109422554327,0.561850648812348,0.798255158075034,1.17251221403375,-3.12903046801504,1.17801846650451,-1.62478910021561,0.561850648812348,0.798255158075034,1.17251221403375,-3.12903046801504]
[-2.07708728194452,-1.30874903973622,0.487573636631998,0.839560007007393,1.16874898901768,-3.12930175555658,1.18023330296265,-1.62774729769651,0.487573636631998,0.839560007007393,1.16874898901768,-3.12930175555658]
[-2.0781263987049,-1.27220477861126,0.404612747445631,0.885364906172586,1.16497895943677,-3.1295693119649,1.18250011004334,-1.63108726473186,0.404612747445631,0.885364906172586,1.16497895943677,-3.1295693119649]
[-2.07840590604612,-1.23799719829768,0.327253146889967,0.927832410273674,1.16144023413687,-3.12991425216378,1.18415680529164,-1.63328491187693,0.327253146889967,0.927832410273674,1.16144023413687,-3.12991425216378]
[-2.0771075615683,-1.21268300322402,0.269825605371896,0.959100159541189,1.15837161957812,-3.13041792897333,1.18453936620948,-1.63281167444853,0.269825605371896,0.959100159541189,1.15837161957812,-3.13041792897333]
[-2.07355293499898,-1.20179929961032,0.244418973882144,0.972543600459777,1.15597096259083,-3.131147335314,1.18309298357351,-1.6283949423795,0.244418973882144,0.972543600459777,1.15597096259083,-3.131147335314]
[-2.06809689506976,-1.20334772566679,0.246552917726334,0.970686341360899,1.15413339274107,-3.13206333547297,1.18007000251906,-1.62065377018649,0.246552917726334,0.970686341360899,1.15413339274107,-3.13206333547297]
[-2.06155743818432,-1.21195250053798,0.264320744144041,0.96015222379277,1.15261836082109,-3.13307922656984,1.17608453715405,-1.61105506205165,0.264320744144041,0.96015222379277,1.15261836082109,-3.13307922656984]
[-2.05475474531076,-1.22222191214639,0.285780730383962,0.947584430026324,1.15118467762895,-3.1341080813508,1.17175240804381,-1.601069721448,0.285780730383962,0.947584430026324,1.15118467762895,-3.1341080813508]
[-2.04840622015765,-1.22944300052575,0.300493575931359,0.938787173268066,1.14962136006381,-3.13507402201308,1.1676118261437,-1.59198446592146,0.300493575931359,0.938787173268066,1.14962136006381,-3.13507402201308]
[-2.04256015440077,-1.23332169376597,0.307801217879433,0.934102716305269,1.14791407616928,-3.1359731061284,1.16369573962923,-1.58388690515525,0.307801217879433,0.934102716305269,1.14791407616928,-3.1359731061284]
[-2.03699701511749,-1.23533266250093,0.310960716508411,0.931687074173141,1.14612720728543,-3.13683018474677,1.1598348558037,-1.57638468349633,0.310960716508411,0.931687074173141,1.14612720728543,-3.13683018474677]
[-2.03149655912232,-1.23695526801728,0.313239514889056,0.929690464042716,1.14432534349764,-3.13767018527763,1.15585934563361,-1.56908417243787,0.313239514889056,0.929690464042716,1.14432534349764,-3.13767018527763]
[-2.02587020711613,-1.23944950475704,0.317422322507346,0.926543476771061,1.14256376933768,-3.13851460771253,1.15162324569344,-1.56164850937828,0.317422322507346,0.926543476771061,1.14256376933768,-3.13851460771253]
[-2.02011146201497,-1.24281390479731,0.3235179040587,0.922288983565476,1.14084425803443,-3.13936524278061,1.14711783101001,-1.55406726232692,0.3235179040587,0.922288983565476,1.14084425803443,-3.13936524278061]
[-2.01427878409159,-1.24659697679733,0.330544713154199,0.917545032454986,1.1391494927986,-3.14021684998294,1.14238333607109,-1.54644645256461,0.330544713154199,0.917545032454986,1.1391494927986,-3.14021684998294]
[-2.00843071390845,-1.25034667317057,0.337519979343432,0.912930382408648,1.13746213324494,-3.14106418012971,1.13746005588019,-1.53889224531274,0.337519979343432,0.912930382408648,1.13746213324494,-3.14106418012971]
[-2.00261609719051,-1.25369197117365,0.343635532954769,0.908948033088586,1.13576768833473,3.14128228947289,1.13238093810801,-1.53149346065005,0.343635532954769,0.908948033088586,1.13576768833473,3.14128228947289]
[-1.99683443774455,-1.25667422435854,0.34897183574794,0.905511826655252,1.13406616879087,3.14045089908353,1.12714153614271,-1.5242506404752,0.34897183574794,0.905511826655252,1.13406616879087,3.14045089908353]
[-1.99106958118289,-1.25946565002282,0.35389134832412,0.902348641667503,1.13236218733417,3.13962424100358,1.12172553664796,-1.51713631243529,0.35389134832412,0.902348641667503,1.13236218733417,3.13962424100358]
[-1.98530536674334,-1.26223851873918,0.358756646087329,0.899185280570575,1.13066035855893,3.13879959967513,1.11611662145645,-1.51012299277267,0.358756646087329,0.899185280570575,1.13066035855893,3.13879959967513]
[-1.97952858469529,-1.26513088257861,0.363858657473337,0.895804251448971,1.12896443017934,3.13797458197639,1.11030068569502,-1.50318853873694,0.363858657473337,0.895804251448971,1.12896443017934,3.13797458197639]
[-1.9737393359036,-1.26812645143636,0.369165148055408,0.89223932206063,1.12727423985636,3.13714824912984,1.10427360752943,-1.49633489813207,0.369165148055408,0.89223932206063,1.12727423985636,3.13714824912984]
[-1.96794147235633,-1.27116543929388,0.374552811320136,0.888595068865258,1.12558852333995,3.13632007221381,1.09803407849384,-1.48957080783745,0.374552811320136,0.888595068865258,1.12558852333995,3.13632007221381]
[-1.962138846255,-1.27418805765732,0.37989833557132,0.884976072352197,1.12390601631738,3.13548952232992,1.09158079028255,-1.48290500511886,0.37989833557132,0.884976072352197,1.12390601631738,3.13548952232992]
[-1.95633441357715,-1.27714732799246,0.385104829597164,0.881464720969959,1.12222571606276,3.13465597018059,1.08491177116738,-1.47634471606301,0.385104829597164,0.881464720969959,1.12222571606276,3.13465597018059]
[-1.95052754540428,-1.28004751160356,0.390181084123491,0.878054635003743,1.12054766619766,3.13381838487139,1.07802239573046,-1.46989112204043,0.390181084123491,0.878054635003743,1.12054766619766,3.13381838487139]
[-1.9447167165939,-1.28290567975452,0.395162310360529,0.874717242697922,1.11887217193046,3.13297563510866,1.07090737513145,-1.46354389324261,0.395162310360529,0.874717242697922,1.11887217193046,3.13297563510866]
[-1.938900402019,-1.28573890348747,0.400083719061487,0.871423972679916,1.11719953846541,3.13212658959983,1.06356142054642,-1.45730269989648,0.400083719061487,0.871423972679916,1.11719953846541,3.13212658959983]
[-1.9330773484895,-1.28856035747406,0.404972490275689,0.868152984545022,1.11552999756452,3.1312701361049,1.05597953102361,-1.45116783533878,0.404972490275689,0.868152984545022,1.11552999756452,3.1312701361049]
[-1.92724726776428,-1.29136939039068,0.409827307667336,0.864906322252271,1.11386352038532,3.13040522999044,1.04815772710534,-1.44514180396724,0.409827307667336,0.864906322252271,1.11386352038532,3.13040522999044]
[-1.92141008553669,-1.29416228561517,0.414640537096704,0.861691325054336,1.11220002030791,3.1295308416118,1.04009225580475,-1.4392276003839,0.414640537096704,0.861691325054336,1.11220002030791,3.1295308416118]
[-1.91556572745814,-1.29693532695862,0.419404545304329,0.858515331447758,1.1105394107127,3.12864594130456,1.0317793641469,-1.43342821922541,0.419404545304329,0.858515331447758,1.1105394107127,3.12864594130456]
[-1.90971401619713,-1.2996858624364,0.424113861276009,0.855383822576542,1.10888160576327,3.12774945084999,1.02321532853011,-1.42774674021398,0.424113861276009,0.855383822576542,1.10888160576327,3.12774945084999]
[-1.90385444990358,-1.3024145935719,0.428769827639374,0.852296426717248,1.10722652209107,3.12684013902557,1.01439651791326,-1.42218651119236,0.428769827639374,0.852296426717248,1.10722652209107,3.12684013902557]
[-1.89798646296509,-1.30512288079511,0.433375125785381,0.849251622158739,1.10557407681243,3.1259167445462,1.00531931944177,-1.41675093268439,0.433375125785381,0.849251622158739,1.10557407681243,3.1259167445462]
[-1.89210948989251,-1.30781208439121,0.437932436972421,0.846247887491073,1.10392418715357,3.12497800614296,0.995980120962893,-1.41144340550161,0.437932436972421,0.846247887491073,1.10392418715357,3.12497800614296]
[-1.88622306490107,-1.31048344749549,0.442444335210277,0.843283944982276,1.1022768592354,3.1240226756592,0.986375878130376,-1.4062675632273,0.442444335210277,0.843283944982276,1.1022768592354,3.1240226756592]
[-1.88032700168772,-1.31313788485986,0.446913093879736,0.840359199955021,1.10063234835986,3.12304954169331,0.976505138218516,-1.40122769192806,0.446913093879736,0.840359199955021,1.10063234835986,3.12304954169331]
[-1.87442116255093,-1.31577625413078,0.451340934082554,0.83747317651439,1.09899095316121,3.12205739923532,0.966366725282581,-1.3963281911366,0.451340934082554,0.83747317651439,1.09899095316121,3.12205739923532]
[-1.86850540888129,-1.31839941027579,0.455730069930562,0.834625403014441,1.09735297123167,3.12104504247456,0.95595946159692,-1.39157346197604,0.455730069930562,0.834625403014441,1.09735297123167,3.12104504247456]
[-1.86257925971277,-1.32100719810932,0.460080079787676,0.831817010003149,1.09571830723775,3.12001096367732,0.945281497892006,-1.38696850528215,0.460080079787676,0.831817010003149,1.09571830723775,3.12001096367732]
[-1.8566413787624,-1.32359693875827,0.464383957071346,0.829053130824494,1.09408588419107,3.11895290080887,0.934329307165595,-1.38251982016586,0.464383957071346,0.829053130824494,1.09408588419107,3.11895290080887]
[-1.8506902983684,-1.32616556570491,0.468633683734994,0.826339513661798,1.09245447431865,3.11786847597198,0.923099104711556,-1.37823413587685,0.468633683734994,0.826339513661798,1.09245447431865,3.11786847597198]
[-1.84472455721109,-1.32871003294064,0.472821294750622,0.823681874405265,1.09082285748261,3.11675531517639,0.911587130309195,-1.37411817649762,0.472821294750622,0.823681874405265,1.09082285748261,3.11675531517639]
[-1.83874403849091,-1.33123164239478,0.476950065029991,0.821079082803601,1.08919143218937,3.11561187270794,0.899794814650318,-1.3701775706638,0.476950065029991,0.821079082803601,1.08919143218937,3.11561187270794]
[-1.83275162521037,-1.33374139682037,0.481048347274977,0.818514733959624,1.08756420835452,3.11443845084575,0.887735170038108,-1.36641550292439,0.481048347274977,0.818514733959624,1.08756420835452,3.11443845084575]
[-1.82675060626484,-1.3362516115555,0.485147887376815,0.815970356216456,1.085945684541,3.1132356019146,0.875422775843672,-1.36283482712748,0.485147887376815,0.815970356216456,1.085945684541,3.1132356019146]
[-1.82074422939852,-1.33877446725419,0.489280084461532,0.813427691530092,1.08434031005717,3.11200384838476,0.86287207916496,-1.35943843823768,0.489280084461532,0.813427691530092,1.08434031005717,3.11200384838476]
[-1.81473023133791,-1.34130410750458,0.49342989840856,0.810897089169614,1.08274593797761,3.11073971457814,0.850079812906628,-1.35623473760278,0.49342989840856,0.810897089169614,1.08274593797761,3.11073971457814]
[-1.80869534696858,-1.34379866785806,0.497489580775974,0.808446008201727,1.08114725308053,3.10943174317065,0.837007346498592,-1.35324311915924,0.497489580775974,0.808446008201727,1.08114725308053,3.10943174317065]
[-1.80262500443601,-1.34621200702313,0.501340371720995,0.80614869089086,1.07952737608398,3.10806752882078,0.823611849085505,-1.35048428248469,0.501340371720995,0.80614869089086,1.07952737608398,3.10806752882078]
[-1.79650487514523,-1.34849877936586,0.504865561634752,0.804078120794279,1.07786971961285,3.10663483269732,0.809851321170044,-1.34797868537815,0.504865561634752,0.804078120794279,1.07786971961285,3.10663483269732]
[-1.7903428969027,-1.35068646859887,0.508136106050289,0.802192067562513,1.07618441555392,3.10513665724401,0.795759860387787,-1.34572465478721,0.508136106050289,0.802192067562513,1.07618441555392,3.10513665724401]
[-1.78418685030282,-1.35293287694215,0.511558762513887,0.800242140759882,1.07452940638814,3.10360327715538,0.781507730154321,-1.34368091742059,0.511558762513887,0.800242140759882,1.07452940638814,3.10360327715538]
[-1.77808865206092,-1.3554093351145,0.515575148525572,0.797958548259277,1.0729675978636,3.10206779828648,0.767279329395455,-1.34180208904532,0.515575148525572,0.797958548259277,1.0729675978636,3.10206779828648]
[-1.77209886267818,-1.35828273579532,0.520615449536152,0.795078525893358,1.07156026954332,3.10056237687494,0.753254500960445,-1.34004411672265,0.520615449536152,0.795078525893358,1.07156026954332,3.10056237687494]
[-1.76617827558178,-1.36142622026041,0.526353169910823,0.79180448630845,1.07026106469016,3.09905631450124,0.739311523482732,-1.3384510651513,0.526353169910823,0.79180448630845,1.07026106469016,3.09905631450124]
[-1.76014349108494,-1.36424107604527,0.531246354969761,0.789086057029699,1.06885073006265,3.09741794912596,0.724844272112275,-1.33720854264921,0.531246354969761,0.789086057029699,1.06885073006265,3.09741794912596]
[-1.75379809567236,-1.36608600457648,0.533643351482773,0.787940303797766,1.06709440803021,3.09550650646288,0.709202903240961,-1.33651493223859,0.533643351482773,0.787940303797766,1.06709440803021,3.09550650646288]
[-1.74695288068091,-1.36634328001057,0.531953235115978,0.789346977666629,1.06476588216895,3.09318621335274,0.691761885182005,-1.33656149706021,0.531953235115978,0.789346977666629,1.06476588216895,3.09318621335274]
[-1.73977826729719,-1.36557180818782,0.527616361479524,0.792423268895849,1.06207026147293,3.0905709276468,0.673109214634292,-1.33718411171401,0.527616361479524,0.792423268895849,1.06207026147293,3.0905709276468]
[-1.73296391034017,-1.36602931595458,0.526449648633245,0.793597202183382,1.05983540264097,3.08813492448773,0.655584980766717,-1.33770554077003,0.526449648633245,0.793597202183382,1.05983540264097,3.08813492448773]
[-1.72723994621244,-1.37010597721054,0.534611229395983,0.78908714385041,1.05893771433716,3.08638057862852,0.641665873063317,-1.33740854463585,0.534611229395983,0.78908714385041,1.05893771433716,3.08638057862852]
[-1.72332099395213,-1.38013667853587,0.558119387413097,0.775196249610107,1.06023492160449,3.08579976258675,0.633776309530626,-1.33559107621953,0.558119387413097,0.775196249610107,1.06023492160449,3.08579976258675]
[-1.72131843505448,-1.39630701196446,0.597555769710919,0.751523862789288,1.06385842371568,3.08647607447944,0.632308654486912,-1.33214169688512,0.597555769710919,0.751523862789288,1.06385842371568,3.08647607447944]
[-1.72056002411011,-1.41601055989452,0.646439640055044,0.721951191010301,1.06899609707783,3.08796274953672,0.635015562636116,-1.32771618927065,0.646439640055044,0.721951191010301,1.06899609707783,3.08796274953672]
[-1.72032114460463,-1.43645431002088,0.697818271250572,0.690645606093465,1.07477276087684,3.08977757794428,0.639473272445576,-1.32302161070324,0.697818271250572,0.690645606093465,1.07477276087684,3.08977757794428]
[-1.7198902246872,-1.45489798189589,0.744869242733885,0.661696760598068,1.0803289882979,3.09144703682196,0.643301652602761,-1.31875228412848,0.744869242733885,0.661696760598068,1.0803289882979,3.09144703682196]
[-1.71896077292292,-1.47023879554837,0.784816590503412,0.636780864185694,1.08529456687454,3.09276736163808,0.645475436001367,-1.31520708736869,0.784816590503412,0.636780864185694,1.08529456687454,3.09276736163808]
[-1.71770009064151,-1.48328923485928,0.819617193139094,0.614751299894388,1.08987148217679,3.09385030435766,0.646554040532703,-1.31222237517466,0.819617193139094,0.614751299894388,1.08987148217679,3.09385030435766]
[-1.716302372153,-1.49497049611901,0.851496570390094,0.594301224126393,1.09429419834264,3.09482552599699,0.647186832490815,-1.30960824899662,0.851496570390094,0.594301224126393,1.09429419834264,3.09482552599699]
[-1.71495727394508,-1.50618357084136,0.882631046238676,0.57415283518838,1.09879169910168,3.09581966464475,0.648008000494255,-1.30717926907892,0.882631046238676,0.57415283518838,1.09879169910168,3.09581966464475]
[-1.7137395862519,-1.51731800543938,0.913951648347663,0.553763471399746,1.10345424217336,3.09688283878429,0.649267539467252,-1.30486286147193,0.913951648347663,0.553763471399746,1.10345424217336,3.09688283878429]
[-1.71260308020818,-1.52822450551268,0.945077403383447,0.533364989091504,1.10822592836606,3.09798454849765,0.65081067118735,-1.30270536372332,0.945077403383447,0.533364989091504,1.10822592836606,3.09798454849765]
[-1.71149575750669,-1.53872808806466,0.975564789922212,0.513226168821546,1.11304389063085,3.0990904504803,0.652463320352773,-1.30075878234528,0.975564789922212,0.513226168821546,1.11304389063085,3.0990904504803]
[-1.71036716580451,-1.54865983946092,1.00498536151859,0.493606768864802,1.11784712888648,3.10016723015644,0.654056582314285,-1.29907363630309,1.00498536151859,0.493606768864802,1.11784712888648,3.10016723015644]
[-1.70919928071401,-1.55797815625667,1.03322688260871,0.474577297205762,1.12261380433324,3.10120315143755,0.655530011390106,-1.29766924196239,1.03322688260871,0.474577297205762,1.12261380433324,3.10120315143755]
[-1.70800485710271,-1.56676227249966,1.06047725173533,0.456028633390544,1.12735924841748,3.10220695963013,0.65692610660152,-1.29653529948994,1.06047725173533,0.456028633390544,1.12735924841748,3.10220695963013]
[-1.7067978657809,-1.57509619595533,1.08693622431999,0.437844560695368,1.13210026100615,3.10318820916375,0.65829143382806,-1.29566033905654,1.08693622431999,0.437844560695368,1.13210026100615,3.10318820916375]
[-1.70559176024189,-1.58306144351007,1.11279756564792,0.419912367919867,1.13685301708284,3.10415610898561,0.659670828552212,-1.29503342362693,1.11279756564792,0.419912367919867,1.13685301708284,3.10415610898561]
[-1.70439088003766,-1.59069564846131,1.13814950851164,0.402181103163346,1.14162268261696,3.10511378143476,0.661078640620712,-1.29465300277498,1.13814950851164,0.402181103163346,1.14162268261696,3.10511378143476]
[-1.70319177253886,-1.59799892478629,1.16299005818383,0.384652617110268,1.14640501115884,3.10605914495954,0.66250315545945,-1.29452555137978,1.16299005818383,0.384652617110268,1.14640501115884,3.10605914495954]
[-1.70199073418723,-1.60497017824065,1.1873143143718,0.367330460828349,1.15119545315396,3.10698995042919,0.663931819150852,-1.29465780275653,1.1873143143718,0.367330460828349,1.15119545315396,3.10698995042919]
[-1.70078423198575,-1.61160883463195,1.21111873952428,0.35021734131067,1.15598966488943,3.10790406126986,0.665352648091374,-1.29505635369,1.21111873952428,0.35021734131067,1.15598966488943,3.10790406126986]
[-1.69957128503853,-1.61792210128552,1.23442018673919,0.333303335692733,1.16078638265318,3.10880102509222,0.666762192265213,-1.2957257580655,1.23442018673919,0.333303335692733,1.16078638265318,3.10880102509222]
[-1.69835287706224,-1.62392317575445,1.25725120587658,0.316568798620669,1.16558671372385,3.1096816859955,0.668163570829305,-1.29666899714023,1.25725120587658,0.316568798620669,1.16558671372385,3.1096816859955]
[-1.69713004231019,-1.62962540968131,1.27964475057175,0.299993834644419,1.17039182637021,3.11054692142915,0.66956007192252,-1.29788901171796,1.27964475057175,0.299993834644419,1.17039182637021,3.11054692142915]
[-1.69590375965803,-1.63504176806996,1.30163289713521,0.283559040103929,1.17520282180654,3.11139757084755,0.670954798275509,-1.29938882989507,1.30163289713521,0.283559040103929,1.17520282180654,3.11139757084755]
[-1.69467429768439,-1.64018025673526,1.32323646894496,0.267251319242339,1.18001994117843,3.11223398636467,0.672348474495913,-1.30117259941936,1.32323646894496,0.267251319242339,1.18001994117843,3.11223398636467]
[-1.69344143300442,-1.64504544667529,1.34446849541072,0.251061945261456,1.18484282993364,3.1130561825544,0.673740178063831,-1.30324524352782,1.34446849541072,0.251061945261456,1.18484282993364,3.1130561825544]
[-1.69220493237719,-1.64964184007477,1.36534184979728,0.23498227889114,1.18967112158565,3.11386416722836,0.675128953460678,-1.30561170099366,1.36534184979728,0.23498227889114,1.18967112158565,3.11386416722836]
[-1.69096458045478,-1.65397389397811,1.38586935758452,0.219003683753876,1.19450447105254,3.11465795893168,0.676513904808639,-1.30827692730284,1.38586935758452,0.219003683753876,1.19450447105254,3.11465795893168]
[-1.68972036014324,-1.65804556527565,1.40606331479601,0.203117555522418,1.19934277041511,3.11543769513718,0.6778947970491,-1.31124606311833,1.40606331479601,0.203117555522418,1.19934277041511,3.11543769513718]
[-1.68847237777117,-1.66186049948802,1.42593568784354,0.187315309822329,1.20418605939928,3.11620358735581,0.679271806514842,-1.31452436438463,1.42593568784354,0.187315309822329,1.20418605939928,3.11620358735581]
[-1.68722074153187,-1.66542233743163,1.44549843815911,0.171588362580626,1.20903437996157,3.11695584821711,0.680645115754008,-1.31811708878791,1.44549843815911,0.171588362580626,1.20903437996157,3.11695584821711]
[-1.68596555407386,-1.66873459427138,1.46476327853895,0.155928253184597,1.21388776711758,3.11769468538254,0.682014888503138,-1.322029530676,1.46476327853895,0.155928253184597,1.21388776711758,3.11769468538254]
[-1.6847068646337,-1.67179957478536,1.48373952669914,0.140327710300457,1.21874618902141,3.11842025865692,0.683381107288706,-1.32626733755429,1.48373952669914,0.140327710300457,1.21874618902141,3.11842025865692]
[-1.6834446925983,-1.67461890731908,1.50243516184958,0.124780127230689,1.22360957646125,3.11913270110003,0.684743653366757,-1.33083635429257,1.50243516184958,0.124780127230689,1.22360957646125,3.11913270110003]
[-1.68217905702846,-1.67719421282806,1.52085814857708,0.109278904538904,1.22847785981701,3.11983214547947,0.686102406886966,-1.33574242791682,1.52085814857708,0.109278904538904,1.22847785981701,3.11983214547947]
[-1.68090997874107,-1.67952703084514,1.5390163090017,0.0938175040748721,1.23335097133906,3.12051872448678,0.687457253738359,-1.34099142256056,1.5390163090017,0.0938175040748721,1.23335097133906,3.12051872448678]
[-1.6796374933379,-1.68161821538087,1.55691626577295,0.078389903675137,1.23822885902544,3.121192570173,0.688808128131332,-1.34658934639095,1.55691626577295,0.078389903675137,1.23822885902544,3.121192570173]
[-1.67836164382675,-1.68346827705551,1.57456404070422,0.0629903396431937,1.24311147876243,3.12185381426836,0.690154988481315,-1.35254227972417,1.57456404070422,0.0629903396431937,1.24311147876243,3.12185381426836]
[-1.67708247327072,-1.68507772392521,1.59196565112241,0.0476130502125276,1.24799878649527,3.12250258850068,0.69149779338448,-1.3588563034151,1.59196565112241,0.0476130502125276,1.24799878649527,3.12250258850068]
[-1.67580002488492,-1.68644697982595,1.6091269680416,0.0322523362668203,1.25289073794263,3.12313902296784,0.692836501114963,-1.36553749495964,1.6091269680416,0.0322523362668203,1.25289073794263,3.12313902296784]
[-1.67451434300791,-1.68757584615433,1.62605278113283,0.0169029617138499,1.25778728714889,3.12376323572148,0.694171067566873,-1.37259190702844,1.62605278113283,0.0169029617138499,1.25778728714889,3.12376323572148]
[-1.67322547248178,-1.68846384532775,1.64274739540598,0.00155989799016432,1.26268838740805,3.12437533941404,0.695501447567584,-1.38002558116543,1.64274739540598,0.00155989799016432,1.26268838740805,3.12437533941404]
[-1.671933458151,-1.68911049844766,1.65921511358478,-0.0137818824887788,1.26759399201054,3.12497544667249,0.696827595939438,-1.38784455886204,1.65921511358478,-0.0137818824887788,1.26759399201054,3.12497544667249]
[-1.67063834261142,-1.689515256854,1.67546010718749,-0.0291273470023903,1.27250405162675,3.12556366865707,0.698149462065553,-1.39605481491848,1.67546010718749,-0.0291273470023903,1.27250405162675,3.12556366865707]
[-1.66934015381959,-1.6896771177174,1.69148569354374,-0.0444810702248715,1.27741849986972,3.12614010697897,0.699466959917983,-1.40466188995431,1.69148569354374,-0.0444810702248715,1.27741849986972,3.12614010697897]
[-1.66803891387242,-1.68959489641872,1.70729484807821,-0.0598474696828459,1.28233726352498,3.12670485942721,0.700779989294853,-1.41367115080017,1.70729484807821,-0.0598474696828459,1.28233726352498,3.12670485942721]
[-1.66673464485127,-1.68926740785676,1.72289054530884,-0.0752309624861889,1.28726026935993,3.12725802378068,0.70208844995669,-1.42308796382581,1.72289054530884,-0.0752309624861889,1.28726026935993,3.12725802378068]
[-1.66542737988848,-1.68869338055706,1.73827565593026,-0.0906359426728196,1.29218745523046,3.12779969731381,0.703392268123642,-1.43291760737077,1.73827565593026,-0.0906359426728196,1.29218745523046,3.12779969731381]
[-1.66411721566466,-1.68787104635856,1.75345245360418,-0.106066671606093,1.2971188227563,3.12832997440012,0.70469152217107,-1.44316485355961,1.75345245360418,-0.106066671606093,1.2971188227563,3.12832997440012]
[-1.66280427153107,-1.68679845990852,1.76842299900241,-0.121527363318056,1.30205439630476,3.12884894837829,0.705986344755313,-1.453834293926,1.76842299900241,-0.121527363318056,1.30205439630476,3.12884894837829]
[-1.66148866686701,-1.68547367563521,1.78318935253346,-0.137022231782254,1.30699420027128,3.12935671258568,0.7072768685998,-1.4649305197804,1.78318935253346,-0.137022231782254,1.30699420027128,3.12935671258568]
[-1.66017047448843,-1.68389476267278,1.79775338092861,-0.152555306365892,1.31193821043694,3.1298533548781,0.708563113878591,-1.47645765667645,1.79775338092861,-0.152555306365892,1.31193821043694,3.1298533548781]
[-1.65884953022695,-1.68205986500108,1.81211596519798,-0.168129676881413,1.31688615515963,3.13033893521296,0.709844527945219,-1.48841745969642,1.81211596519798,-0.168129676881413,1.31688615515963,3.13033893521296]
[-1.65752559470944,-1.67996715035157,1.8262776735423,-0.183748134982371,1.32183768427989,3.13081350469434,0.711120376374001,-1.50081093167577,1.8262776735423,-0.183748134982371,1.32183768427989,3.13081350469434]
[-1.65619842853213,-1.67761478646535,1.84023907403497,-0.199413472200941,1.32679244760628,3.13127711442271,0.712389924665251,-1.51363907514371,1.84023907403497,-0.199413472200941,1.32679244760628,3.13127711442271]
[-1.65486799062789,-1.67500057382073,1.85400094216594,-0.215128954315277,1.33175030001496,3.13172983105751,0.713652916974628,-1.52690334216224,1.85400094216594,-0.215128954315277,1.33175030001496,3.13172983105751]
[-1.65353513452462,-1.67212065636124,1.86756498897521,-0.230899986184784,1.33671202133742,3.13217179143661,0.714911256427451,-1.54060721240608,1.86756498897521,-0.230899986184784,1.33671202133742,3.13217179143661]
[-1.65220096586037,-1.66897071119431,1.88093318915467,-0.246732575493692,1.34167865207123,3.13260315217522,0.716167454578706,-1.55475473696126,1.88093318915467,-0.246732575493692,1.34167865207123,3.13260315217522]
[-1.65086659028755,-1.66554641540082,1.89410751741122,-0.262632729960528,1.34665123272884,3.13302406988967,0.717424023018004,-1.56934996694637,1.89410751741122,-0.262632729960528,1.34665123272884,3.13302406988967]
[-1.6495322776779,-1.6618447630069,1.90708846353776,-0.278604080088451,1.35162993755542,3.13343462758137,0.718681455598791,-1.58439263320418,1.90708846353776,-0.278604080088451,1.35162993755542,3.13343462758137]
[-1.64819495478045,-1.65786801581964,1.91987057767131,-0.294640747519104,1.35661147572727,3.13383461379211,0.719932175229851,-1.59986518547433,1.91987057767131,-0.294640747519104,1.35661147572727,3.13383461379211]
[-1.64685071256354,-1.65361975259142,1.93244692503488,-0.31073447667875,1.36159169015346,3.13422374344875,0.721166587083804,-1.61574575322068,1.93244692503488,-0.31073447667875,1.36159169015346,3.13422374344875]
[-1.64549564219523,-1.64910355175341,1.94481057117121,-0.326877012533194,1.36656642394988,3.13460173149528,0.722375096815305,-1.63201246674242,1.94481057117121,-0.326877012533194,1.36656642394988,3.13460173149528]
[-1.64412934360822,-1.64431734803651,1.95696019931645,-0.343069580769285,1.37153515478397,3.13496859362143,0.72355658040412,-1.64865813499986,1.95696019931645,-0.343069580769285,1.37153515478397,3.13496859362143]
[-1.6427638673387,-1.63923904989999,1.96891442669482,-0.359347048742417,1.37651025727241,3.13532541269201,0.724739970179992,-1.66572765314479,1.96891442669482,-0.359347048742417,1.37651025727241,3.13532541269201]
[-1.64141402428952,-1.63384212586956,1.98069629000439,-0.375751742349287,1.38150696535584,3.13567350817033,0.725960862129296,-1.68327746412158,1.98069629000439,-0.375751742349287,1.38150696535584,3.13567350817033]
[-1.64009461940219,-1.62810005408579,1.99232881614495,-0.392325971099908,1.38654050679895,3.13601419900525,0.727254837847356,-1.70136398413985,1.99232881614495,-0.392325971099908,1.38654050679895,3.13601419900525]
[-1.63880581435561,-1.62200993037862,2.00381096385852,-0.409071792668112,1.39161093890937,3.13634754045271,0.728622129111876,-1.71997795883104,2.00381096385852,-0.409071792668112,1.39161093890937,3.13634754045271]
[-1.63750162715189,-1.61564327436298,2.01506584859139,-0.425864423615121,1.39667051402904,3.1366696056343,0.72995157377117,-1.73890319347332,2.01506584859139,-0.425864423615121,1.39667051402904,3.1366696056343]
[-1.63612700935495,-1.60908622864639,2.02600168388788,-0.442554158407058,1.40166209164707,3.13697568525081,0.731110122684037,-1.75788283312787,2.02600168388788,-0.442554158407058,1.40166209164707,3.13697568525081]
[-1.63462698761684,-1.60242481513722,2.03652680593815,-0.458991496738678,1.40652860904127,3.13726107647204,0.731964907977003,-1.77666035347477,2.03652680593815,-0.458991496738678,1.40652860904127,3.13726107647204]
[-1.63300733764203,-1.59564740569619,2.04664877597246,-0.47519297586982,1.41127593742683,3.13752631015661,0.732529714082975,-1.79524671316037,2.04664877597246,-0.47519297586982,1.41127593742683,3.13752631015661]
[-1.63144412103639,-1.58846864896157,2.05665329331068,-0.491640553594462,1.4160863583797,3.13778658773635,0.73322940707612,-1.81440265335738,2.05665329331068,-0.491640553594462,1.4160863583797,3.13778658773635]
[-1.63014301192684,-1.58055559342024,2.06687442516442,-0.508897123798551,1.42117283103328,3.13805966183876,0.73456033965203,-1.83501930155166,2.06687442516442,-0.508897123798551,1.42117283103328,3.13805966183876]
[-1.62930902018765,-1.57157635716289,2.07764515217687,-0.527523761394564,1.42674762637221,3.1383632278399,0.737017260956636,-1.85798484795679,2.07764515217687,-0.527523761394564,1.42674762637221,3.1383632278399]
[-1.62889668054101,-1.5616023824866,2.08888873381474,-0.547395646189194,1.43276352953638,3.1386933928464,0.740490256636615,-1.88307990166384,2.08888873381474,-0.547395646189194,1.43276352953638,3.1386933928464]
[-1.62823476017628,-1.55171274534578,2.09950481419757,-0.566674371293823,1.43852504652287,3.13899232952079,0.74335876833679,-1.90731797770015,2.09950481419757,-0.566674371293823,1.43852504652287,3.13899232952079]
[-1.62655590684541,-1.54314129671146,2.10823580760132,-0.583258318674322,1.4432371060525,3.13919392606185,0.743770199055045,-1.92728755861574,2.10823580760132,-0.583258318674322,1.4432371060525,3.13919392606185]
[-1.62309481706202,-1.53711873303775,2.11382757763113,-0.595051437018553,1.44610675207533,3.13923224848881,0.739876794583959,-1.93958614250474,2.11382757763113,-0.595051437018553,1.44610675207533,3.13923224848881]
[-1.61752052481179,-1.53420699319787,2.1157572456798,-0.601137820076303,1.44678945714527,3.1390790607522,0.730857473192089,-1.94272252281178,2.1157572456798,-0.601137820076303,1.44678945714527,3.1390790607522]
[-1.61047112834595,-1.53347592957555,2.11513346584564,-0.603234621098746,1.44594119725783,3.13879023586623,0.718181795040142,-1.93946984534374,2.11513346584564,-0.603234621098746,1.44594119725783,3.13879023586623]
[-1.602715846662,-1.53379350547351,2.11328564929491,-0.603415263544427,1.44435332308135,3.1384330273527,0.703629259149491,-1.93317825073029,2.11328564929491,-0.603415263544427,1.44435332308135,3.1384330273527]
[-1.59502165029401,-1.53403099122158,2.11153932339232,-0.603747113312788,1.44281487350429,3.13807449075342,0.688974182625445,-1.92718810065051,2.11153932339232,-0.603747113312788,1.44281487350429,3.13807449075342]
[-1.58785439263583,-1.53350253850462,2.11069989176073,-0.60548630013569,1.44180529085674,3.1377551678763,0.675296913655865,-1.9235301470401,2.11069989176073,-0.60548630013569,1.44180529085674,3.1377551678763]
[-1.58107879621345,-1.53240643882471,2.11053441647906,-0.608269454100872,1.44118595883658,3.13746267021829,0.662292405571045,-1.92162072127758,2.11053441647906,-0.608269454100872,1.44118595883658,3.13746267021829]
[-1.57448818442872,-1.53104599710441,2.11068663094553,-0.611540849750273,1.44074485142779,3.13717832249576,0.649491061875696,-1.92056562778639,2.11068663094553,-0.611540849750273,1.44074485142779,3.13717832249576]
[-1.56787683736487,-1.5297231111687,2.11080192108742,-0.614747338993206,1.44027092622131,3.13688353315069,0.63642550220188,-1.91947484114825,2.11080192108742,-0.614747338993206,1.44027092622131,3.13688353315069]
[-1.56112660352602,-1.5286108822351,2.11067693464171,-0.617571689267566,1.43964317382373,3.13656737432352,0.622831196136275,-1.91784004524446,2.11067693464171,-0.617571689267566,1.43964317382373,3.13656737432352]
[-1.55427602355286,-1.52765194698394,2.11037898239835,-0.620118807725846,1.43890168704524,3.13623263133202,0.608806586497819,-1.91583594238989,2.11037898239835,-0.620118807725846,1.43890168704524,3.13623263133202]
[-1.54737990445854,-1.52676501733399,2.11000347295826,-0.622537424280213,1.43810328288213,3.13588351307305,0.594487796731496,-1.91370813974826,2.11000347295826,-0.622537424280213,1.43810328288213,3.13588351307305]
[-1.54049267054272,-1.52586936802541,2.10964515395046,-0.624975237820467,1.43730438485676,3.13552419387702,0.580010079059384,-1.91170058981606,2.10964515395046,-0.624975237820467,1.43730438485676,3.13552419387702]
[-1.53364341450816,-1.5249215266389,2.10935502363432,-0.627511704429815,1.43653537266536,3.13515656013972,0.565451019935574,-1.90994772356931,2.10935502363432,-0.627511704429815,1.43653537266536,3.13515656013972]
[-1.52682053883923,-1.52393786010211,2.10911380552852,-0.630116661571273,1.43578479172999,3.13477882314085,0.550795577122086,-1.90840804724482,2.10911380552852,-0.630116661571273,1.43578479172999,3.13477882314085]
[-1.52000877361522,-1.52294013600971,2.10889588066147,-0.63275005332331,1.4350374118134,3.13438886247067,0.536020348384534,-1.90702418938369,2.10889588066147,-0.63275005332331,1.4350374118134,3.13438886247067]
[-1.51319299481198,-1.52194990730272,2.10867588218157,-0.635372216763033,1.43427815269277,3.13398456876261,0.521102280484327,-1.90573942284432,2.10867588218157,-0.635372216763033,1.43427815269277,3.13398456876261]
[-1.50636536082502,-1.52097801249431,2.10844102779518,-0.637963105475399,1.43349942210732,3.13356438386863,0.506035740291045,-1.90452918155309,2.10844102779518,-0.637963105475399,1.43349942210732,3.13356438386863]
[-1.49952854440849,-1.5200198206051,2.10819670479536,-0.640530995362433,1.43270443891704,3.13312754549007,0.490840245829131,-1.90341533359125,2.10819670479536,-0.640530995362433,1.43270443891704,3.13312754549007]
[-1.49268603805905,-1.51906949459061,2.10794971705066,-0.643086370450155,1.43189726486126,3.13267335337595,0.475537276010217,-1.90242336723719,2.10794971705066,-0.643086370450155,1.43189726486126,3.13267335337595]
[-1.48584128029931,-1.51812127621028,2.10770677577182,-0.645639570018873,1.43108190645163,3.13220109904228,0.460148194330102,-1.90157853857107,2.10770677577182,-0.645639570018873,1.43108190645163,3.13220109904228]
[-1.47899561141071,-1.51717247072584,2.10747099009624,-0.648195306359163,1.43026022322499,3.1317097539464,0.444689877494033,-1.90089707696529,2.10747099009624,-0.648195306359163,1.43026022322499,3.1317097539464]
[-1.47214764598522,-1.51622436299676,2.10724078994072,-0.650750982102915,1.42943128572192,3.13119787377808,0.42917337370763,-1.90038348577961,2.10724078994072,-0.650750982102915,1.42943128572192,3.13119787377808]
[-1.46529581645238,-1.51527850384578,2.10701429250187,-0.653303511365224,1.42859397808969,3.13066398644067,0.413609341648074,-1.90004148470467,2.10701429250187,-0.653303511365224,1.42859397808969,3.13066398644067]
[-1.45843857458085,-1.5143364168111,2.10678964743236,-0.655849857624827,1.42774720374813,3.1301066150169,0.398008484095668,-1.89987485998621,2.10678964743236,-0.655849857624827,1.42774720374813,3.1301066150169]
[-1.45157497268372,-1.51339877815562,2.10656601225454,-0.658388517266497,1.42689046459414,3.12952413289366,0.382382873380208,-1.89988946462968,2.10656601225454,-0.658388517266497,1.42689046459414,3.12952413289366]
[-1.44470476548674,-1.51246527314669,2.10634372332177,-0.660919779602442,1.42602396251924,3.12891473836965,0.366746183692777,-1.90009356897725,2.10634372332177,-0.660919779602442,1.42602396251924,3.12891473836965]
[-1.43782774758533,-1.51153553080164,2.10612318389908,-0.663444035713333,1.42514793914743,3.12827661980537,0.351112180147808,-1.90049558058173,2.10612318389908,-0.663444035713333,1.42514793914743,3.12827661980537]
[-1.43094370369088,-1.51060918611881,2.10590478773207,-0.665961663879989,1.42426263023361,3.12760795188633,0.335494593947012,-1.90110384885157,2.10590478773207,-0.665961663879989,1.42426263023361,3.12760795188633]
[-1.42405216831906,-1.50968602549271,2.10568868759923,-0.668472718379606,1.42336812296923,3.126906563142,0.319906297856709,-1.90192525138348,2.10568868759923,-0.668472718379606,1.42336812296923,3.126906563142]
[-1.41715241238803,-1.50876599482371,2.10547478240449,-0.670976912130394,1.42246434802442,3.12616991740386,0.304359260225472,-1.90296511512436,2.10547478240449,-0.670976912130394,1.42246434802442,3.12616991740386]
[-1.41024369424923,-1.50784904761638,2.10526295894863,-0.673473941776681,1.4215512286073,3.12539546111683,0.288865406284835,-1.9042286930957,2.10526295894863,-0.673473941776681,1.4215512286073,3.12539546111683]
[-1.40332528627983,-1.50693515258734,2.1050530967895,-0.675963476123626,1.42062868425807,3.12458062023187,0.273436646718949,-1.9057211609727,2.1050530967895,-0.675963476123626,1.42062868425807,3.12458062023187]
[-1.39639675505785,-1.50602459753879,2.1048449235587,-0.678444600025413,1.41969655757845,3.12372239082063,0.258084587067882,-1.90744607202348,2.1048449235587,-0.678444600025413,1.41969655757845,3.12372239082063]
[-1.38945794640455,-1.50511797313551,2.10463802268575,-0.680915844074454,1.41875461814339,3.12281736093135,0.242820543241731,-1.90940543959547,2.10463802268575,-0.680915844074454,1.41875461814339,3.12281736093135]
[-1.3825087171727,-1.504215882007,2.10443197190343,-0.683375716966898,1.4178026326429,3.1218621024932,0.227655819708687,-1.91160121620114,2.10443197190343,-0.683375716966898,1.4178026326429,3.1218621024932]
[-1.37554886319414,-1.50331884203112,2.10422639640027,-0.685822867052856,1.41684039303987,3.12085312953817,0.212601596709865,-1.91403544393753,2.10422639640027,-0.685822867052856,1.41684039303987,3.12085312953817]
[-1.36857710525077,-1.50242587795658,2.10402175742627,-0.688258403065593,1.41586813654771,3.11978593608226,0.197666865889617,-1.91671174317738,2.10402175742627,-0.688258403065593,1.41586813654771,3.11978593608226]
[-1.36159124498491,-1.50153473794567,2.10381923104213,-0.690685537301587,1.41488648105736,3.11865514405452,0.182858747699332,-1.91963508367785,2.10381923104213,-0.690685537301587,1.41488648105736,3.11865514405452]
[-1.35458905444016,-1.50064312905124,2.10362001632734,-0.693107549797628,1.4138960567186,3.11745534730051,0.168184302333026,-1.92281047864987,2.10362001632734,-0.693107549797628,1.4138960567186,3.11745534730051]
[-1.34756857433148,-1.49974915284453,2.1034250831544,-0.695527042706653,1.41289737168447,3.11618111486729,0.153650829538808,-1.92624218563467,2.1034250831544,-0.695527042706653,1.41289737168447,3.11618111486729]
[-1.34053186549328,-1.4988568140611,2.10323197177989,-0.697936475030507,1.41188910867571,3.11482664474362,0.139269213503837,-1.92992315511587,2.10323197177989,-0.697936475030507,1.41188910867571,3.11482664474362]
[-1.33348408345591,-1.4979746617041,2.10303558233528,-0.700320497553249,1.41086854519167,3.11338584927677,0.125053097723554,-1.93383763338176,2.10303558233528,-0.700320497553249,1.41086854519167,3.11338584927677]
[-1.32643046335603,-1.49711136167101,2.10283074703885,-0.702663560204459,1.40983292258449,3.11185263346634,0.111016196672386,-1.93796964281853,2.10283074703885,-0.702663560204459,1.40983292258449,3.11185263346634]
[-1.31937501236108,-1.49627379233421,2.10261332824302,-0.704953139680411,1.40878003214687,3.1102204602349,0.0971707255814591,-1.9423063856101,2.10261332824302,-0.704953139680411,1.40878003214687,3.1102204602349]
[-1.31230598719421,-1.49544590452544,2.10239240122944,-0.707215535246167,1.4077147189373,3.10847712224127,0.08350966976358,-1.94687584934936,2.10239240122944,-0.707215535246167,1.4077147189373,3.10847712224127]
[-1.30520073555889,-1.49459576908048,2.10218619277427,-0.709503935323633,1.40664671356984,3.10660648482526,0.0700126955702904,-1.95173427028181,2.10218619277427,-0.709503935323633,1.40664671356984,3.10660648482526]
[-1.29803638660645,-1.49369113869405,2.10201311299539,-0.711872067034156,1.40558584453613,3.10459233464648,0.0566592025200388,-1.95693845058862,2.10201311299539,-0.711872067034156,1.40558584453613,3.10459233464648]
[-1.29079554837967,-1.49270776963147,2.10188694471084,-0.714360035699034,1.40453947303934,3.10241935616658,0.0434348188263369,-1.96253090156747,2.10188694471084,-0.714360035699034,1.40453947303934,3.10241935616658]
[-1.2835215349939,-1.49171009765539,2.10177020029361,-0.716857017205922,1.40348762274634,3.10008218148678,0.0303941865933179,-1.9683957916434,2.10177020029361,-0.716857017205922,1.40348762274634,3.10008218148678]
[-1.27629545298302,-1.49081776573478,2.10159347382529,-0.719158226688985,1.40239329840697,3.0975816355872,0.0176349123556268,-1.97431871326944,2.10159347382529,-0.719158226688985,1.40239329840697,3.0975816355872]
[-1.26919897985431,-1.49015125091721,2.10128687716123,-0.721057459709495,1.40121924764677,3.09491863701087,0.00525525176084951,-1.98008376959834,2.10128687716123,-0.721057459709495,1.40121924764677,3.09491863701087]
[-1.26228949519915,-1.48979557544785,2.10080100294038,-0.722408767417276,1.39993914146152,3.09208796494397,-0.00667464498622028,-1.98553861998486,2.10080100294038,-0.722408767417276,1.39993914146152,3.09208796494397]
[-1.25539031951811,-1.48949422944824,2.10028373288633,-0.723646636268928,1.39863187444382,3.08902525883862,-0.0183553642498016,-1.99114315352878,2.10028373288633,-0.723646636268928,1.39863187444382,3.08902525883862]
[-1.24819396786461,-1.48879983558851,2.09999320501245,-0.725529932772169,1.39743514607859,3.08563310752143,-0.0301387952888019,-1.99769940790988,2.09999320501245,-0.725529932772169,1.39743514607859,3.08563310752143]
[-1.24039152624799,-1.48726293131979,2.10018876187749,-0.728821067273343,1.39648729829175,3.08181373874227,-0.0423784803399903,-2.00601315876699,2.10018876187749,-0.728821067273343,1.39648729829175,3.08181373874227]
[-1.23178069322131,-1.48458968059583,2.10103984889194,-0.734017942552194,1.39587871743638,3.07749187689771,-0.0553051049992375,-2.01661186212164,2.10103984889194,-0.734017942552194,1.39587871743638,3.07749187689771]
[-1.22305677065808,-1.48179651406723,2.10195904012659,-0.739391492011575,1.39529603736209,3.0727816524716,-0.0681149875641918,-2.02767971677713,2.10195904012659,-0.739391492011575,1.39529603736209,3.0727816524716]
[-1.21536468589503,-1.48055619827053,2.10197977934048,-0.742097120496375,1.39422364511047,3.06789207282468,-0.0794863133610457,-2.03622714233133,2.10197977934048,-0.742097120496375,1.39422364511047,3.06789207282468]
[-1.20985272365476,-1.48254640064975,2.10013267929921,-0.739281903119103,1.3921444175316,3.06303285377017,-0.0880933987796384,-2.03925579368798,2.10013267929921,-0.739281903119103,1.3921444175316,3.06303285377017]
[-1.20747393040061,-1.48914989063574,2.09560770264574,-0.728581308768745,1.38863003556152,3.05838329677882,-0.0928423810566894,-2.03428235348892,2.09560770264574,-0.728581308768745,1.38863003556152,3.05838329677882]
[-1.20773841983637,-1.49956995703056,2.08877250721025,-0.711240341588532,1.38390849783423,3.05389792232153,-0.0943526983753848,-2.02262988125304,2.08877250721025,-0.711240341588532,1.38390849783423,3.05389792232153]
[-1.20950957893215,-1.51203303896759,2.08052259729163,-0.690121810106266,1.37850196651853,3.04943050335973,-0.0940116954741992,-2.00732746588177,2.08052259729163,-0.690121810106266,1.37850196651853,3.04943050335973]
[-1.21164774406025,-1.52476096779875,2.07175596703062,-0.668096154002505,1.37293399134705,3.04483433763075,-0.09321033929234,-1.99141224358494,2.07175596703062,-0.668096154002505,1.37293399134705,3.04483433763075]
[-1.21315635523463,-1.53620075922806,2.06325231797792,-0.647664603503409,1.36766002358273,3.03997452909181,-0.0931657689526979,-1.97753859894835,2.06325231797792,-0.647664603503409,1.36766002358273,3.03997452909181]
[-1.21397050183352,-1.54626544936312,2.05502123000865,-0.628924720070993,1.36269217219987,3.03479304387578,-0.0939634502490252,-1.9658690840432,2.05502123000865,-0.628924720070993,1.36269217219987,3.03479304387578]
[-1.2143981833079,-1.55545487638143,2.04676402740188,-0.611011951814176,1.35786509013464,3.02926261363811,-0.0952358755714311,-1.95556884839849,2.04676402740188,-0.611011951814176,1.35786509013464,3.02926261363811]
[-1.21474838805522,-1.56427043464218,2.03818121695199,-0.593059195345811,1.35301295971503,3.0233560516235,-0.0966143360380016,-1.94580039646128,2.03818121695199,-0.593059195345811,1.35301295971503,3.0233560516235]
[-1.21528404095271,-1.57312940174503,2.02904198704392,-0.574365256533724,1.34800463731926,3.0170698077698,-0.0977815295863778,-1.9358598859059,2.02904198704392,-0.574365256533724,1.34800463731926,3.0170698077698]
[-1.21600318000616,-1.58196534442345,2.01951047745946,-0.555182997368163,1.34290837139614,3.01053625409971,-0.0987157675058565,-1.92581204322316,2.01951047745946,-0.555182997368163,1.34290837139614,3.01053625409971]
[-1.21680934551891,-1.59053926681745,2.00989172586398,-0.536105636879736,1.33786354299709,3.00393625248618,-0.0995008203801016,-1.91599577983028,2.00989172586398,-0.536105636879736,1.33786354299709,3.00393625248618]
[-1.21760596099158,-1.59861195977322,2.00049094407794,-0.517726814793062,1.33300962109606,2.99745072473742,-0.100220589144405,-1.9067503460473,2.00049094407794,-0.517726814793062,1.33300962109606,2.99745072473742]
[-1.21831897883814,-1.60603345439544,1.99145447187028,-0.500365613507326,1.32841705453446,2.99113474336586,-0.100952386116387,-1.89830573882887,1.99145447187028,-0.500365613507326,1.32841705453446,2.99113474336586]
[-1.21898901247587,-1.61310797047675,1.98212006900537,-0.482943754706645,1.32380501388544,2.9844028703396,-0.101739990815064,-1.89033590964616,1.98212006900537,-0.482943754706645,1.32380501388544,2.9844028703396]
[-1.2196930619149,-1.62028386032553,1.97156889997483,-0.463939520771923,1.31878119486185,2.97646640761923,-0.102616541440651,-1.88233835415686,1.97156889997483,-0.463939520771923,1.31878119486185,2.97646640761923]
[-1.2205081419785,-1.62800953492713,1.9588820248093,-0.441831013558167,1.31295324779469,2.96653657441737,-0.10361517186124,-1.87381049618278,1.9588820248093,-0.441831013558167,1.31295324779469,2.96653657441737]
[-1.221468679483,-1.63643758101089,1.94377297908078,-0.416127816309349,1.30619747966462,2.95436298068801,-0.104732218885037,-1.86457158438494,1.94377297908078,-0.416127816309349,1.30619747966462,2.95436298068801]
[-1.22241700850771,-1.64438627325239,1.92880807233614,-0.390991997732854,1.29960197031668,2.94212364190437,-0.105798046586228,-1.85589245482304,1.92880807233614,-0.390991997732854,1.29960197031668,2.94212364190437]
[-1.2231413285502,-1.6502978574046,1.91735756813069,-0.37189676592892,1.29459629515783,2.93268093422447,-0.106596245461429,-1.84945302241058,1.91735756813069,-0.37189676592892,1.29459629515783,2.93268093422447]
[-1.22342983602728,-1.65261455782119,1.91279177577169,-0.364315403613053,1.29261004902909,2.92889727275248,-0.106910403345431,-1.84693322534117,1.91279177577169,-0.364315403613053,1.29261004902909,2.92889727275248]
